% mat2Pajek Fri May 21 05:23:01 2021 
*vertices 15 
1 "Azer"
2 "Armen"
3 "Belorus"
4 "Estonia"
5 "Georgia"
6 "Kazah"
7 "Kirgiz"
8 "Latv"
9 "Litva"
10 "Moldav"
11 "Russia"
12 "Tadjik"
13 "Turkmen"
14 "Ukraina"
15 "Uzbekistan"
*arcs
1 1 1 
1 2 0.06437582 
1 3 0.04655564 
1 4 0.001812415 
1 5 0.0541387 
1 6 0.0114336 
1 7 0.00362757 
1 8 0.001266892 
1 9 0.0008130081 
1 10 0.00879397 
1 11 0.05088339 
1 12 0.001364256 
1 14 0.01542501 
1 15 0.00310559 
2 1 0.06437582 
2 2 1 
2 3 0.07162843 
2 4 0.05033665 
2 5 0.08706705 
2 6 0.005447118 
2 7 0.005838641 
2 8 0.0443769 
2 9 0.04318249 
2 10 0.002683843 
2 11 0.0728014 
2 12 0.0005561735 
2 14 0.05025253 
2 15 0.01294821 
3 1 0.04655564 
3 2 0.07162843 
3 3 1 
3 4 0.04873067 
3 5 0.07752161 
3 6 0.007557677 
3 7 0.0004520796 
3 8 0.04393771 
3 9 0.05227148 
3 10 0.004595588 
3 11 0.1234141 
3 12 0.0009456265 
3 14 0.04946085 
3 15 0.01074345 
4 1 0.001812415 
4 2 0.05033665 
4 3 0.04873067 
4 4 1 
4 5 0.05393779 
4 6 0.00815079 
4 7 0.007897934 
4 8 0.08658744 
4 9 0.07795611 
4 10 0.003690037 
4 11 0.058 
4 14 0.05033467 
4 15 0.01295775 
5 1 0.0541387 
5 2 0.08706705 
5 3 0.07752161 
5 4 0.05393779 
5 5 1 
5 6 0.005681818 
5 7 0.003895381 
5 8 0.04694836 
5 9 0.04596651 
5 10 0.00565931 
5 11 0.05883499 
5 12 0.001172333 
5 14 0.04495248 
5 15 0.01515152 
6 1 0.0114336 
6 2 0.005447118 
6 3 0.007557677 
6 4 0.00815079 
6 5 0.005681818 
6 6 1 
6 7 0.0528169 
6 8 0.002343018 
6 9 0.004504505 
6 10 0.00528169 
6 11 0.07009109 
6 12 0.01006036 
6 13 0.002169197 
6 14 0.01453385 
6 15 0.02077562 
7 1 0.00362757 
7 2 0.005838641 
7 3 0.0004520796 
7 4 0.007897934 
7 5 0.003895381 
7 6 0.0528169 
7 7 1 
7 8 0.001651982 
7 9 0.003151261 
7 10 0.008032129 
7 11 0.01033859 
7 12 0.01675978 
7 13 0.007092199 
7 14 0.005140372 
7 15 0.01459854 
8 1 0.001266892 
8 2 0.0443769 
8 3 0.04393771 
8 4 0.08658744 
8 5 0.04694836 
8 6 0.002343018 
8 7 0.001651982 
8 8 1 
8 9 0.1100032 
8 10 0.002237136 
8 11 0.05866356 
8 14 0.0761729 
8 15 0.0118863 
9 1 0.0008130081 
9 2 0.04318249 
9 3 0.05227148 
9 4 0.07795611 
9 5 0.04596651 
9 6 0.004504505 
9 7 0.003151261 
9 8 0.1100032 
9 9 1 
9 10 0.002662407 
9 11 0.06312356 
9 14 0.08528341 
9 15 0.01135242 
10 1 0.00879397 
10 2 0.002683843 
10 3 0.004595588 
10 4 0.003690037 
10 5 0.00565931 
10 6 0.00528169 
10 7 0.008032129 
10 8 0.002237136 
10 9 0.002662407 
10 10 1 
10 11 0.0114643 
10 12 0.0130719 
10 14 0.004392971 
10 15 0.007751938 
11 1 0.05088339 
11 2 0.0728014 
11 3 0.1234141 
11 4 0.058 
11 5 0.05883499 
11 6 0.07009109 
11 7 0.01033859 
11 8 0.05866356 
11 9 0.06312356 
11 10 0.0114643 
11 11 1 
11 12 0.005537975 
11 14 0.1633999 
11 15 0.01631936 
12 1 0.001364256 
12 2 0.0005561735 
12 3 0.0009456265 
12 5 0.001172333 
12 6 0.01006036 
12 7 0.01675978 
12 10 0.0130719 
12 11 0.005537975 
12 12 1 
12 14 0.0008183306 
12 15 0.0126183 
13 6 0.002169197 
13 7 0.007092199 
13 13 1 
13 15 0.003571429 
14 1 0.01542501 
14 2 0.05025253 
14 3 0.04946085 
14 4 0.05033467 
14 5 0.04495248 
14 6 0.01453385 
14 7 0.005140372 
14 8 0.0761729 
14 9 0.08528341 
14 10 0.004392971 
14 11 0.1633999 
14 12 0.0008183306 
14 14 1 
14 15 0.01208003 
15 1 0.00310559 
15 2 0.01294821 
15 3 0.01074345 
15 4 0.01295775 
15 5 0.01515152 
15 6 0.02077562 
15 7 0.01459854 
15 8 0.0118863 
15 9 0.01135242 
15 10 0.007751938 
15 11 0.01631936 
15 12 0.0126183 
15 13 0.003571429 
15 14 0.01208003 
15 15 1 
